Tama침os de archivo: [100, 500, 1000, 2000, 3000, 4000, 5000, 6000, 7000, 8000, 10000, 20000, 30000, 40000, 50000, 60000, 70000, 80000, 100000]

Lenguaje: Python
Tiempos de ejecuci칩n (en segundos): [1.9806571841264722, 89.09537758150667, 491.4283597511745, 1665.6968845624829, 3941.5590624514066, 2012.3870473413015, 10089.422098669913, 16228.164305448892, 12477.086085135119, 12637.457012106344, 26897.056199154656, 159889.06887143297, 155497.77421558427, 589476.3979633073, 694948.7792621084, 1714178.5758791333, 2354709.2327767476, 1522898.702358753, 1535677.4806364803]

Lenguaje: Java
Tiempos de ejecuci칩n (en segundos): [3.609713287114983, 96.61650076315664, 353.6965082542063, 1717.0852754692721, 938.4190703721162, 2034.9491287874068, 10300.162129844037, 7807.19776528939, 10707.492939320075, 22221.119690031563, 20596.459113858604, 56688.85811874779, 446363.6378187309, 275002.8513944472, 639236.4890557678, 898207.3940619203, 1975547.3700621012, 2186492.063450439, 3437669.134217776]

Lenguaje: C++
Tiempos de ejecuci칩n (en segundos): [3.8321353186055993, 28.310643820449577, 174.07293089472356, 1458.94189019456, 2346.4783530153977, 2217.210342130221, 10694.293271583001, 11019.92952294211, 24037.391047323596, 24764.407752978666, 18242.21735970855, 57565.44759045828, 225946.98523307047, 667012.5632294272, 652490.4181966549, 1428965.1990541774, 1079920.063322016, 1484501.4715460846, 1319533.1761483126]

