Tama침os de archivo: [100, 500, 1000, 2000, 3000, 4000, 5000, 6000, 7000, 8000, 10000, 20000, 30000, 40000, 50000, 60000, 70000, 80000, 100000]

Lenguaje: Python
Tiempos de ejecuci칩n (en segundos): [0.03548483528758414, 0.11572017085559487, 0.09604344516519236, 1.2451065204578646, 1.6447044414422884, 2.4980749385942063, 4.046711571496281, 3.5315754298325275, 2.5247493337073355, 1.6429607852044625, 7.352161373833325, 3.2772671285466064, 11.31684452608559, 30.153514276876237, 38.46909460485364, 38.430526423274586, 15.720735927554642, 70.39734990091722, 52.96032314900136]

Lenguaje: Java
Tiempos de ejecuci칩n (en segundos): [0.02379123696375308, 0.19271589739402262, 0.2447089867925488, 0.8045292381498135, 1.843070636752424, 0.9406951885505833, 0.7061710080221714, 4.333844834240409, 1.22382824172618, 0.8996994193053556, 9.087602623595178, 16.308942777368024, 10.767902168819019, 7.324964601517212, 41.27106734796678, 43.47583789302423, 67.58494135269225, 31.620291475650422, 80.67543880893093]

Lenguaje: C++
Tiempos de ejecuci칩n (en segundos): [0.016225687568210183, 0.12849343549785394, 0.40447001405872385, 0.4445810868638664, 0.6916467867056972, 0.9204687506258474, 3.8111256046773936, 3.4177619195353826, 2.272399916926405, 3.767584002430235, 4.506610816210818, 2.0825670027074596, 18.211276696382804, 40.216882621886704, 8.108697241677367, 20.75144324487471, 64.49295416247165, 57.00870219277482, 91.25577047878573]

