Tama침os de archivo: [100, 500, 1000, 2000, 3000, 4000, 5000, 6000, 7000, 8000, 10000, 20000, 30000, 40000, 50000, 60000, 70000, 80000, 100000]

Lenguaje: Python
Tiempos de ejecuci칩n (en segundos): [0.028955000157193024, 0.3011435537215091, 0.40831491402133424, 1.0164249568444772, 0.6408223574607217, 1.7346506964434918, 0.8163055156865443, 1.8388030202166212, 2.9129648922146956, 4.063698965675285, 3.7635999189335956, 16.604034507532923, 17.258212128515595, 40.74876055076034, 48.40017777055779, 44.03729138956282, 40.98377720574609, 48.114785849768154, 23.147086710636763]

Lenguaje: Java
Tiempos de ejecuci칩n (en segundos): [0.0407382688067549, 0.047036831616247166, 0.33278162515705734, 1.3661243321720147, 2.145929995706196, 1.6535710301723476, 3.3012583113365057, 1.2184586852521042, 6.076486107604834, 5.892848187441298, 8.94680988591007, 11.279053611644033, 30.517547849247833, 11.296365778234833, 29.57255598961633, 27.45128239601257, 62.72838903634755, 73.27061034239745, 23.906033745520944]

Lenguaje: C++
Tiempos de ejecuci칩n (en segundos): [0.02001261889381252, 0.268998082460281, 0.4455093018372947, 0.6725202107419855, 1.9497993035260686, 2.262669998845875, 2.8140423969353083, 3.8910254227343892, 3.678747437217153, 4.162795646204525, 4.945553790501156, 14.14514679148756, 9.843807733812328, 22.60363969187031, 13.178799970479988, 14.680403610720235, 46.815737048131695, 69.58929151058162, 87.74186336641763]
